Enemigo 1
var weights =  [[0.1, 0.1, 0.7], 
		[0.3, 0.7, 0.1], 
		[0.2, 0.6, 0.6], 
		[0.8, 0.4, 0.1]]
var bias = [0.2, 0.1, 0.1, 0.2]


Enemigo 2
var weights =  [[0.1, 0.1, 0.8, 0.2], 
		[0.3, 0.6, 0.1, 0.1], 
		[0.2, 0.5, 0.6, 0.2], 
		[0.8, 0.4, 0.1, 0.1], 
		[0.4, 0.3, 0.2, 0.8]]
var bias = [0.2, 0.1, 0.2, 0.1, 0.1]


Enemigo 3
var weights =  [[0.1, 0.1, 0.9, 0.2, 0.1],
		[0.3, 0.4, 0.1, 0.1, 0.1],
		[0.5, 0.2, 0.8, 0.1, 0.9],
		[0.8, 0.4, -0.2, 0.1, 0.1],
		[0.1, 0.3, 0.1, 0.9, 0.4]]
var bias = [0.2, 0.2, 0.2, 0.1, 0.1]


var weights
var bias